frequencies		152		248		
200		0.494403 		-0.17663 		
250		-0.224471 		-0.0577964 		
300		-0.095402 		0.248868 		
350		1.25765 		0.960471 		
400		0.401679 		-0.00141715 		
450		0.0563353 		0.167549 		
500		-0.117627 		-0.133178 		
550		0.184359 		0.936354 		
600		0.0185942 		-0.0864077 		
650		-0.108235 		-0.0954125 		
700		0.92768 		5.3283 		
750		-0.165726 		-0.451579 		
800		0.00532692 		0.265782 		
850		-0.0727075 		-0.139492 		
900		-0.264423 		-0.375878 		
950		-0.242078 		-0.149204 		
1000		0.0803749 		-0.187077 		
1050		0.0384103 		-0.0760868 		
